112
110
112
112
112
112
110
110
112
110
112
110
112
110
112
110
112
223
220
223
110
110
112
110
112
112
223
220
223
223
112
112
112
112
112
112
110
110
112
112
112
112
112
112
112
110
110
112
112
112
112
112
110
110
112
112
112
112
112
112
112
112
112
220
223
220
223
223
110
112
112
110
112
112
110
112
112
112
112
112
223
223
112
112
112
112
220
223
223
112
110
123
112
223
112
110
120
134
112
110
123
112
112
110
230
230
234
234
112
112
112
112
112
223
112
112
112
112
220
223
112
112
223
223
123
123
123
120
112
112
112
110
112
112
112
112
223
223
120
234
230
234
230
230
230
340
340
250
240
245
112
112
112
112
112
112
112
112
110
112
112
112
112
110
112
112
112
112
112
110
223
223
220
220
223
223
112
112
112
112
112
110
112
112
112
110
112
112
112
110
112
110
112
112
112
112
112
112
112
112
110
110
112
110
112
112
110
112
112
112
110
112
112
112
112
112
112
112
123
123
123
120
123
123
110
220
134
112
112
223
223
223
223
220
112
112
110
123
112
110
120
234
112
110
112
112
110
223
223
220
230
123
112
110
120
130
230
230
230
230
245
110
110
112
110
110
112
110
123
112
110
123
230
230
230
234
223
112
112
112
112
110
120
123
110
120
120
112
112
112
110
120
134
112
112
112
112
112
110
