112
110
112
000
112
112
112
112
112
112
112
110
112
112
110
110
112
110
000
112
110
112
112
112
230
234
112
112
112
112
112
220
223
112
110
110
250
130
130
230
234
112
110
110
112
110
112
220
223
223
240
340
230
230
230
234
000
223
223
234
110
112
112
112
112
112
112
220
223
223
240
240
230
340
450
450
350
234
000
112
110
110
112
112
112
112
223
220
220
220
234
130
130
234
000
112
112
112
110
112
112
112
112
112
220
220
223
223
000
112
112
112
112
223
112
112
112
112
000
112
110
112
112
112
112
112
112
223
223
112
110
110
112
112
112
112
112
110
112
112
220
220
223
234
230
230
230
234
000
110
112
112
112
112
112
110
112
110
110
110
240
000
112
112
112
112
112
112
110
120
120
123
223
220
223
223
220
223
230
230
234
112
230
234
110
234
110
112
112
112
112
234
134
230
130
230
240
340
223
140
000
112
112
000
112
110
120
120
123
000
230
230
234
000
112
110
120
123
112
110
110
130
234
112
112
112
000
112
120
123
120
112
112
110
112
110
112
112
110
112
112
110
112
110
112
220
220
223
134
223
234
000
112
110
112
112
112
112
112
112
112
112
112
223
223
223
000
112
112
112
112
110
112
220
223
223
220
223
223
230
230
234
230
234
230
230
130
134
130
230
230
345
230
230
230
345
230
240
240
240
245
223
223
223
223
130
230
230
340
350
460
260
350
250
260
260
450
567
256
267
270
112
112
112
112
112
110
110
112
110
123
120
120
123
000
112
112
110
110
112
112
112
112
112
000
112
110
112
110
112
000
112
112
110
220
223
230
230
230
230
340
240
350
234
000
112
112
112
112
110
112
112
112
112
112
110
110
110
120
123
112
110
112
112
223
223
223
112
112
112
112
112
110
112
112
112
112
110
112
223
223
220
220
220
223
230
134
230
230
230
340
130
134
110
112
110
112
112
220
223
223
245
110
112
112
112
110
112
112
112
112
110
112
223
223
245
234
234
112
112
112
112
112
112
112
112
112
112
112
220
223
223
240
230
230
234
110
110
123
112
112
112
112
112
112
223
220
223
223
220
223
220
223
223
245
130
130
230
234
112
110
112
112
112
112
110
112
112
112
112
112
110
110
112
112
110
223
112
223
230
230
230
230
340
134
112
110
112
110
112
112
112
112
000
112
112
110
112
112
112
112
112
110
112
112
112
112
112
112
112
220
223
223
223
220
220
223
220
112
000
112
112
112
123
110
000
112
110
223
223
220
223
112
112
110
110
110
110
120
120
112
230
234
112
112
112
000
110
112
112
112
110
112
112
112
112
112
112
112
220
220
223
223
112
112
110
110
120
120
123
112
112
112
112
110
112
220
223
230
130
130
230
230
340
245
123
360
112
110
112
110
000
112
112
110
110
112
110
112
223
220
223
112
112
110
223
223
110
112
112
112
110
112
112
112
112
112
112
112
110
112
112
112
110
112
223
220
112
110
112
112
112
112
112
112
220
220
220
223
230
230
234
230
234
112
112
112
110
112
112
112
112
112
112
112
220
223
223
240
245
112
112
112
112
112
223
223
220
223
220
220
223
112
112
110
120
123
110
112
112
112
110
112
112
112
112
112
112
112
110
112
112
112
112
112
112
112
112
112
110
112
220
220
223
223
223
112
110
112
112
112
112
112
112
112
112
112
112
112
112
112
223
223
223
245
112
112
110
230
234
230
230
130
130
230
234
112
110
112
110
112
112
112
112
112
110
112
223
223
240
240
223
223
223
223
130
230
234
112
112
112
112
110
112
112
112
223
220
223
220
223
220
223
220
112
112
110
112
112
112
112
110
110
112
112
112
112
112
110
112
112
110
112
112
220
223
223
223
223
234
230
130
134
112
112
112
112
110
112
112
110
110
220
220
220
223
223
112
112
110
112
112
110
112
112
110
112
110
112
112
000
112
112
112
112
112
223
223
230
110
110
112
220
223
220
230
230
234
234
230
234
130
130
234
230
234
230
234
130
234
000
112
110
112
112
110
112
112
112
110
112
112
110
112
112
223
220
220
223
223
240
240
240
240
240
240
250
350
345
230
370
112
112
112
112
112
112
110
112
112
112
112
110
112
112
112
110
112
112
112
110
112
112
112
112
112
112
112
112
112
112
112
223
223
220
220
223
223
245
110
110
112
112
110
112
112
112
223
223
223
240
240
110
130
130
234
234
230
234
112
110
112
112
110
112
112
112
110
112
112
112
112
112
112
110
112
223
220
223
220
223
223
110
112
112
112
112
112
112
112
223
223
223
240
245
000
110
110
223
223
130
350
356
000
112
112
110
110
220
230
230
230
240
112
223
112
112
110
112
112
112
112
112
112
112
112
112
112
112
112
112
112
110
112
110
112
223
223
245
112
110
112
110
112
112
120
123
120
120
120
123
110
112
112
112
223
223
245
112
112
112
130
130
230
230
230
130
130
150
350
260
223
223
240
112
112
112
112
112
220
112
112
112
112
112
000
112
223
223
245
223
220
220
223
223
234
120
130
134
234
230
230
230
230
230
223
000
110
110
112
112
112
112
112
112
112
112
112
112
112
112
123
123
112
112
112
220
220
223
000
112
112
112
112
112
223
220
223
223
220
223
223
234
230
230
230
234
112
110
112
112
110
110
112
112
112
000
112
112
112
112
112
110
112
112
112
110
120
120
223
220
223
110
112
112
110
112
112
112
112
112
110
112
112
110
130
130
230
230
234
112
112
110
110
112
112
110
112
110
112
112
112
112
112
112
110
112
112
000
220
110
120
120
134
112
112
112
112
220
223
112
110
112
112
110
112
112
112
112
220
220
240
112
112
120
134
112
112
110
223
223
245
223
112
112
112
110
112
112
000
112
112
112
112
112
112
110
112
112
223
223
112
112
112
220
220
223
112
112
112
110
112
112
112
110
120
123
112
110
120
120
112
110
112
110
112
123
130
130
234
110
110
112
223
220
134
134
000
112
112
112
110
112
112
112
223
223
240
120
120
230
230
230
230
230
140
240
230
223
220
220
220
110
000
112
110
110
223
223
340
340
230
000
112
112
112
112
223
230
130
134
112
112
112
112
112
112
110
112
112
112
223
112
112
223
223
000
112
110
112
112
112
112
112
120
123
112
112
110
112
112
112
223
223
110
112
110
220
223
130
130
130
303
234
112
223
220
110
110
112
223
223
240
112
230
230
234
000
110
112
110
112
112
112
112
223
220
223
112
112
112
110
110
223
112
110
112
110
110
223
112
110
120
123
112
303
303
303
230
230
112
000
112
112
112
112
110
112
112
223
220
112
112
112
112
220
220
234
000
112
110
112
112
112
000
110
110
220
000
110
220
112
112
110
112
112
112
112
112
000
110
110
112
130
234
230
230
112
112
112
110
112
112
000
110
120
130
140
130
130
130
130
112
112
112
112
112
112
112
112
112
220
223
223
240
245
130
011
345
256
000
110
110
223
110
220
123
000
110
112
223
223
240
245
112
112
230
230
234
130
230
230
234
223
223
240
240
145
000
110
112
110
123
000
112
110
112
112
112
112
112
120
112
112
112
112
112
223
223
223
223
110
123
234
234
234
230
000
112
112
112
120
110
110
123
223
220
334
220
223
110
112
112
112
112
112
112
112
112
220
223
223
112
230
230
230
340
340
230
000
112
112
112
112
112
223
220
223
223
112
112
120
134
000
112
112
223
223
240
245
000
112
112
112
112
112
112
120
112
110
110
112
112
223
220
223
223
240
230
230
303
303
303
234
112
112
112
112
110
112
112
112
112
112
112
223
223
223
223
223
240
112
110
112
112
110
112
112
112
110
112






















