110
110
112
112
112
110
110
112
112
110
110
112
112
112
000
112
112
110
112
112
112
110
112
112
000
112
112
112
112
112
112
220
220
223
000
112
110
110
112
112
112
110
000
230
234
230
223
220
223
223
234
000
112
112
112
223
220
110
112
112
112
112
112
112
223
223
245
230
234
230
230
000
110
110
112
112
112
112
112
110
112
112
110
112
112
112
112
110
110
112
112
112
112
112
112
112
112
112
110
110
112
112
112
110
112
112
112
112
112
110
112
000
112
112
112
112
112
112
112
112
112
112
112
112
223
220
220
223
112
112
112
112
110
112
112
110
112
112
112
112
112
112
112
112
220
223
220
223
223
245
112
112
112
110
110
112
112
112
112
112
112
110
112
112
112
220
223
220
223
220
223
220
223
220
220
223
110
112
112
112
112
112
112
110
112
112
112
110
112
110
112
112
112
110
110
110
112
223
223
230
234
230
234
230
230
234
112
112
112
110
112
112
110
112
112
112
112
112
112
112
223
223
240
240
234
112
112
112
223
220
223
223
240
240
230
230
234
234
223
223
240
240
234
230
230
230
345
230
345
000
112
112
112
112
112
112
112
110
223
223
240
245
000
112
112
112
112
110
110
112
112
112
112
112
112
112
112
112
110
220
220
220
112
112
112
112
112
223
220
223
223
240
230
230
234
110
112
110
112
110
110
223
223
245
112
112
112
223
223
230
234
112
112
112
112
112
112
112
110
112
112
112
112
223
223
234
230
230
234
112
110
112
112
112
110
112
112
112
112
110
112
112
112
220
223
223
223
230
230
055
223
223
223
112
110
112
112
112
110
112
112
223
223
230
230
230
234
230
230
230
234
112
110
110
112
112
110
110
112
112
112
110
220
223
223
230
230
230
340
230
220
220
223
223
240
245
000
112
112
110
112
112
112
110
112
112
110
112
112
112
110
112
112
112
112
112
112
112
120
112
112
112
110
112
223
220
223
112
112
112
110
112
112
112
223
220
223
223
223
112
022
112
112
110
112
112
112
112
223
220
223
223
110
112
112
110
112
220
223
223
240
230
234
112
112
112
112
112
112
110
112
110
112
112
112
112
220
223
223
230
234
234
112
112
112
112
110
112
110
112
223
220
223
223
223
230
230
234
110
110
112
112
112
110
112
110
110
110
112
110
110
000
112
112
110
112
112
112
000
223
223
230
230
112
110
112
220
223
220
220
220
223
223
245
000
234
230
234
230
230
230
230
240
240
240
134
245
245
123
134
120
220
245
245
250
112
112
110
110
112
112
110
112
112
112
112
110
112
112
112
112
223
220
223
223
112
112
112
110
112
110
110
112
112
112
112
110
112
220
230
234
230
230
234
234
230
234
112
112
112
112
112
110
112
112
130
134
220
223
223
245
112
234
112
234
230
112
234
110
112
234
112
112
112
112
112
112
112
112
000
112
112
112
110
110
112
112
110
112
110
120
123
110
110
110
110
112
112
112
110
110
112
110
223
223
240
240
223
223
245
110
110
112
234
112
230
055
000
112
110
112
223
220
223
112
112
000
110
112
112
110
112
112
112
112
234
112
230
234
000
112
112
112
110
110
223
223
245
112
112
110
112
110
112
110
112
112
112
223
220
223
223
240
220
223
223
245
110
110
112
112
110
110
112
112
110
110
110
112
110
110
110
000
223
110
220
223
110
112
112
112
112
112
220
220
230
112
230
112
234
112
112
112
110
112
112
112
112
223
223
240
110
234
000
112
112
110
112
112
112
110
112
112
223
220
220
223
110
112
110
112
112
112
110
112
112
110
112
110
112
112
000
112
112
000
112
112
112
112
110
112
112
112
112
112
112
220
223
223
240
240
055
112
230
230
230
230
234
112
230
112
112
112
112
112
112
112
112
223
223
240
223
220
223
223
245
110
112
110
112
112
112
112
112
112
112
110
110
112
112
112
112
112
223
220
112
110
112
112
112
230
230
234
110
112
230
230
230
234
112
234
112
230
112
112
112
112
112
112
112
112
110
110
223
223
240
112
112
112
220
223
223
240
240
110
230
112
112
110
110
112
112
110
112
112
112
112
112
112
112
112
110
112
112
223
223
245
112
112
112
112
110
110
112
110
110
110
000
110
110
112
112
112
112
112
110
112
110
110
112
112
223
220
223
220
223
110
223
110
110
112
112
112
112
110
112
223
230
230
112
234
112
234
112
230
234
112
230
230
112
110
110
112
112
112
110
112
110
112
112
223
220
220
220
220
230
112
230
234
112
450






















































