110
110
112
112
223
112
220
230
110
112
112
110
112
112
112
223
110
220
112
223
112
112
220
223
334
112
112
112
112
110
110
110
130
123
112
112
112
220
220
223
112
110
110
223
112
112
112
112
220
223
112
110
112
110
120
120
120
120
123
110
110
130
123
112
220
220
220
223
112
223
334
110
110
112
112
110
112
110
112
220
223
330
330
334
112
112
112
112
112
112
110
112
110
120
112
112
220
112
220
110
112
223
334
112
112
223
330
330
112
112
112
223
220
223
330
220
112
112
110
112
223
220
220
220
000
112
112
112
112
112
112
110
110
112
112
112
223
220
223
223
240
240
112
112
112
112
112
112
112
110
112
110
112
223
334
456
110
112
223
223
245
000
112
112
112
112
110
112
110
112
112
223
112
223
223
240
240
112
110
110
112
112
220
220
112
112
110
112
112
112
110
112
112
112
220
223
112
223
334
450
120
350
110
112
112
112
110
112
112
110
112
112
112
110
112
112
110
112
110
112
112
110
112
112
112
110
112
223
110
112
112
112
223
223
240
240
112
230
112
230
220
220
223
223
112
110
110
000
112
112
112
110
110
112
112
112
110
110
110
112
112
112
112
112
223
110
110
223
334
112
112
112
112
112
112
112
112
112
112
112
110
112
223
110
223
223
240
240
234
112
112
000
112
112
112
112
112
110
112
112
110
110
112
112
110
110
112
112
112
112
112
112
112
112
223
220
334
112
000
110
112
220
223
334
334
112
110
110
112
220
223
334
560
112
250
223
367
000
110
112
110
112
110
110
134
000
110
112
112
112
110
112
112
112
112
112
112
112
110
112
112
112
112
110
112
112
110
110
110
134
112
112
110
110
110
120
120
123
223
223
245
112
112
000
110
112
112
110
112
112
223
112
112
223
112
112
110
110
112
112
112
112
112
112
112
223
223
110
110
112
112
112
112
112
112
112
220
223
110
112
220
223
112
112
112
112
112
112
220
220
220
330
112
110
112
112
112
112
110
112
112
112
112
112
112
112
112
223
330
330
110
112
112
112
112
110
112
110
223
112
223
334
110
110
112
112
112
223
220
223
223
245
112
110
112
112
112
110
112
110
112
112
112
112
110
110
112
112
112
223
112
223
112
223
223
245
112
110
112
112
110
110
112
220
223
112
220
220
112
112
223
112
223
334
220
220
220
112
110
112
110
112
112
110
112
000
112
112
112
112
112
220
223
112
112
110
110
112
112
223
223
240
245
110
112
110
112
112
110
112
110
110
110
112
112
112
110
110
112
112
110
112
220
223
330
330
334
112
112
112
112
220
223
223
240
240
234
112
110
112
223
334
450
230
112
112
110
110
223
220
223
223
245
245
000
112
112
112
223
110
112
112
112
223
112
223
112
223
334
112
110
112
112
110
110
220
112
112
112
112
223
112
112
112
112
112
223
330
334
112
223
220
223
220
223
110
112
223
223
240
245
112
112
112
220
220
223
330
334
450
112
112
112
000
110
112
112
112
112
223
112
223
112
220
223
112
112
220
223
112
110
110
220
123
112
112
112
112
112
220
220
220
120
110
334
110
112
112
110
112
112
112
112
223
334
110
110
112
220
223
112
112
223
220
220
112
110
112
112
223
223
240
245
112
110
110
110
112
112
110
112
112
110
110
112
110
110
112
112
112
112
110
112
110
110
112
112
110
112
110
120
123
110
130
112
112
112
112
220
223
223
334
110
112
112
112
112
112
110
112
110
120
112
110
134
112
220
112
220
220
123
110
112
112
112
220
220
112
223
334
112
112
112
110
112
223
223
240
245
112
000
112
112
112
110
110
223
334
112
223
112
220
223
223
240
240
230
330
340
130
123
112
112
112
112
110
112
112
112
223
112
112
112
110
110
220
112
223
112
220
223
112
110
112
220
220
112
112
112
223
112
112
112
223
112
112
112
112
112
223
112
223
330
112
220
112
112
110
112
220
220
112
112
110
112
110
112
110
123
110
123
110
112
112
112
112
110
110
220
223
334
112
110
112
223
112
112
110
112
112
110
112
112
223
330
334
112
223
220
223
112
110
110
110
112
112
112
112
223
223
245
112
110
112
112
112
110
112
112
110
112
112
220
223
223
240
245
000
110
112
110
110
112
223
112
112
223
112
223
334
112
112
223
334
112
000
112
112
112
112
220
112
220
223
112
220
223
112
110
112
110
223
112
110
112
112
112
112
110
112
220
110
112
112
112
223
334
112
112
112
223
330
334
456
112
110
112
110
110
110
112
110
123
123
112
223
334
112
223
330
223
330
330
223
334
112
110
112
223
220
112
112
110
110
112
110
112
112
112
112
110
110
220
220
112
223
223
245
240
245
110
110
123
110
110
110
112
112
110
112
112
112
112
110
110
110
123
112
112
112
110
112
110
112
223
220
220
223
220
230
334
245
000
112
110
112
110
110
112
112
223
112
112
223
334
112
112
220
223
223
240
240
234
450
250
350
110
230
230
330
230
112
110
112
112
112
110
112
112
112
112
223
110
112
223
334
330
330
330
223
330
220
220
223
223
223
334
450
223
112
112
110
112
112
112
112
112
110
112
110
123
110
112
112
110
112
112
112
223
223
223
223
112
220
223
330
334
112
112
110
112
110
110
112
223
223
240
245
112

