112
112
112
110
112
110
110
120
123
112
110
110
120
123
000
112
112
112
112
110
112
110
112
110
112
110
110
123
120
123
130
000
112
112
220
223
112
112
112
220
223
000
112
112
223
223
240
245
000
112
112
112
112
112
112
110
112
223
220
220
220
120
120
112
223
330
334
000
112
112
223
112
223
110
112
112
220
220
110
112
112
223
112
112
223
220
223
223
240
240
234
000
112
112
112
112
112
112
223
110
112
110
112
112
110
112
110
112
112
223
220
223
223
245
112
112
112
223
334
112
000
112
112
110
110
112
112
112
223
112
223
334
112
223
000
112
112
110
112
223
112
112
223
112
112
112
220
220
112
112
223
223
330
220
223
330
334
450
120
220
000
112
112
000
110
112
112
112
112
220
223
112
112
112
112
223
223
240
245
112
112
112
223
112
220
223
334
000
112
112
112
110
112
112
112
110
112
112
220
220
112
223
000
112
112
112
220
223
110
112
112
223
334
000
110
112
112
223
112
110
112
110
112
112
110
112
110
112
223
000
112
112
110
110
120
112
112
110
112
112
223
112
112
223
223
240
240
230
110
110
110
120
470
110
230
112
112
110
220
223
334
000
112
112
112
223
112
110
110
112
223
112
223
220
220
220
223
112
110
112
112
000
112
110
110
110
120
110
112
112
112
110
112
110
112
110
112
110
110
110
123
112
112
112
223
220
220
110
112
112
000
110
112
112
112
112
112
220
223
112
223
223
240
240
110
112
112
112
112
220
223
334
110
112
112
112
112
110
110
220
112
110
123
112
112
112
223
223
240
240
230
112
112
112
112
110
112
112
112
112
112
220
223
110
112
223
112
223
330
330
110
112
112
110
110
112
112
110
110
223
223
240
245
000
112
112
112
112
112
112
112
112
112
112
112
112
112
112
112
112
110
112
112
220
220
120
123
123
000
112
112
110
112
112
112
112
112
112
223
223
240
240
234
112
112
110
112
110
112
112
112
112
112
223
112
112
223
223
240
240
230
234
223
000
112
112
223
112
223
334
112
000
110
112
112
112
112
110
110
223
223
330
330
110
110
223
112
112
112
112
112
112
223
112
220
223
334
112
112
223
112
220
223
112
112
112
112
220
220
110
112
223
334
112
112
112
110
112
112
000
112
112
220
220
112
112
223
330
112
112
112
223
334
112
112
223
112
112
223
112
220
223
334
112
112
112
112
112
112
110
112
110
112
112
112
112
223
112
112
223
223
245
000
112
112
112
112
112
112
223
110
112
112
112
223
110
112
220
220
112
112
223
112
223
334
112
112
112
112
223
112
223
112
110
112
223
223
240
240
234
112
112
112
110
112
112
223
334
456
112
112
223
330
334
110
112
112
223
220
110
112
112
112
223
220
223
112
112
112
223
112
112
223
220
112
220
223
223
240
240
234
112
110
110
112
112
110
112
112
220
220
112
112
223
220
223
330
330
112
110
223
223
240
240
230
110
110
120
112
112
000
112
112
112
223
334
110
110
112
110
120
123
112
112
112
112
110
112
110
112
112
112
112
223
112
112
112
112
223
112
110
110
112
112
112
110
112
112
112
223
330
330
230
230
223
330
334
110
112
223
334
112
112
112
112
110
110
223
112
110
110
112
112
112
112
110
110
223
223
240
240
110
112
223
220
112
223
223
240
240
234
456
000
112
112
112
223
330
334
112
223
334
450
112
110
112
110
120
120
120
223
220
223
110
110
112
112
112
110
110
112
000
110
112
112
112
110
112
112
112
112
000
110
112
112
112
110
112
112
112
112
220
223
334
112
112
112
000
112
110
112
112
220
220
112
110
112
223
112
112
112
110
112
112
000
112
112
223
220
110
112
112
112
223
110
110
110
112
223
334
000
112
112
110
110
223
112
112
110
112
112
112
110
112
112
112
223
112
110
110
110
120
120
112
112
112
220
220
223
110
112
110
112
110
120
123
112
112
223
334
112
110
112
112
220
223
220
112
112
220
220
110
112
000
110
112
112
220
223
330
334
000
112
112
110
112
112
112
223
223
240
240
230
230
110
110
112
110
000
112
110
112
112
110
112
112
112
110
112
112
223
112
110
112
220
220
112
112
112
112
223
223
245
112
110
110
220
223
110
112
112
223
112
112
110
112
110
112
110
120
112
110
220
223
112
112
112
112
112
223
112
223
334
110
110
223
112
112
112
223
112
112
110
112
112
112
110
110
223
112
112
220
223
330
112
112
110
110
112
223
334
112
112
223
223
240
240
230
230
110
112
112
112
220
223
334
112
110
110
112
112
110
110
112
112
223
223
240
240
230
000
112
220
223
112
112
112
112
110
112
112
223
223
334
110
112
000
112
112
112
112
223
330
334
112
110
110
112
112
112
112
112
112
220
223
223
245
112
360
112
250
112
250
360
112
223
330
223
360
356
112
112
220
223
330
223
220
112
110
110
112
220
223
112
112
112
110
112
112
223
330
220
223
334
450
220
223
220
220
112
110
110
223
110
112
112
112
110
110
112
112
110
112
112
112
112
112
223
223
240
240
240
150
150
250
140
570
160

